9687
5600
2770
1813
9923
682
4977
5521
5898
3393
8882
8211
5623
3623
8763
8041
5427
3864
7095
6945
45
9784
9641
6003
745
7655
693
6795
8156
2958
307
5697
3161
3479
7492
1149
258
3840
4153
2767
5652
4837
4013
4940
1529
1253
7983
4571
3225
3937
7253
7454
7795
328
6332
796
1625
9642
2697
9447
665
8391
2099
5398
7461
2962
7707
2281
2032
6571
8892
8208
1611
9959
7090
7712
7325
846
8393
2323
320
511
5618
8800
6945
2375
4683
9590
7394
4163
9180
2228
5858
7105
4054
293
2570
2708
1866
3905
8938
3914
4743
9892
7159
2187
2421
1266
4743
9229
9088
6007
1982
6977
9081
9047
7017
533
2222
7446
7288
9608
7428
6030
5942
4300
5678
3917
237
1732
867
4035
8464
352
3649
9297
2242
6236
3646
2953
9488
1083
8944
78
3321
4895
5025
6698
6062
4201
4334
2600
1920
8746
625
2997
8930
9719
3753
2351
3757
1392
544
9018
7096
1406
7664
2549
9535
5203
5666
4544
1143
728
9142
1743
8483
1197
8467
2550
1916
1023
9927
8215
6780
5047
1235
9280
9035
5755
177
2047
4531
3798
9699
9157
4553
1428
8855
1253
5751
8944
2611
7191
1444
9188
6860
6678
7667
3615
9987
5946
6477
2774
4996
1669
1606
2943
9577
9214
7991
5372
915
2524
9045
2426
1786
5091
7867
7478
398
8230
7586
5329
1373
2383
8137
5784
6523
6681
4639
3891
3175
9949
5512
6573
5637
199
3450
3602
4497
6698
7885
2823
5028
8317
1370
9356
5796
6607
6008
1743
9812
9826
2444
9718
7542
5300
2996
2395
6531
194
5356
5687
1015
9474
7387
9194
5557
781
5946
197
7049
7444
3630
6167
7124
9754
2980
4608
5125
3649
9277
5528
2135
1303
1373
5729
9618
4678
5216
815
4614
4042
5687
2176
6299
7492
9457
966
836
2869
8009
9653
44
8232
6516
5424
7077
9727
3572
6692
3840
375
4401
514
6702
654
5706
4338
3461
1991
2554
3092
3580
8044
1264
3310
8911
3349
7083
907
2475
6898
2476
7590
1650
7325
9494
1409
4939
8494
6918
6616
9630
4554
6648
8604
4244
8243
1942
7610
2559
8570
1736
6153
3970
336
361
8212
9938
3188
774
6765
4907
9465
1402
4380
9830
565
94
67
4992
7836
6132
6819
4874
9015
206
9156
6940
5160
7175
9323
9708
5427
7657
1905
6081
3798
2663
1190
7067
3949
1196
4372
9119
5477
3929
7866
4488
3064
6755
9776
7704
9322
3332
72
7783
7283
8546
278
4165
4063
6580
8423
1919
9248
3909
1711
6088
7121
4027
2071
302
7703
306
2231
4425
4981
8001
2373
1832
7746
2653
1386
176
4284
2427
2527
2710
2149
7394
1062
2750
543
5008
3677
4696
805
7772
8667
2509
6989
5073
2846
8413
4377
4159
7407
2787
4712
5762
115
1273
303
2781
4594
3390
9157
9441
6653
7795
9384
7336
7770
2592
2627
8709
1922
7205
1650
3889
6921
2537
5677
173
6406
6862
6341
1650
759
5165
4198
4224
288
1607
2523
2610
5943
4367
6255
5232
5805
4652
5111
946
3644
3052
772
1954
4103
5933
3552
8508
9289
868
1510
4490
9900
9266
1766
1292
8223
8244
7206
6073
2345
7993
8082
540
4160
9247
3508
2878
3737
5345
7506
3613
9286
7769
257
3587
3778
2245
4540
5476
4271
1736
6326
3038
4185
141
8188
729
5816
7133
6970
9030
8347
4025
2930
5232
975
7680
9331
2621
7992
3640
6623
73
6710
8259
5343
3547
5386
2752
6106
8588
6863
9337
5373
8114
8088
504
2980
6276
4342
2314
9536
7276
9523
2173
4600
624
1384
239
1020
4002
5886
6863
638
5873
6699
1213
6187
7084
5934
296
4219
712
5767
4696
4752
4023
7027
6322
9316
5069
7357
3561
7828
6927
3547
6016
3427
8574
8973
3960
9763
3426
5969
9309
1383
2008
9604
4294
323
508
854
527
7730
2749
7848
8162
41
432
4971
6255
7487
5678
1560
8201
2917
2328
8936
8712
5831
2508
5130
7375
4437
734
4401
2144
9579
7423
9696
2756
6802
8785
2043
1380
4421
9648
9621
2445
6737
7059
9541
4694
4396
8805
4237
5380
2762
640
2651
9760
1217
2092
868
2481
8101
222
8240
7100
5995
2910
5277
8861
9525
5869
8138
3389
8126
5012
5496
8932
7105
5723
2986
3008
9871
2815
5444
1751
7314
5912
1413
2424
6437
4244
5220
8303
7404
1210
8425
3079
938
6158
1860
6875
4328
9916
3067
2876
4322
9509
6773
8136
4478
8540
7775
5474
9217
2171
8267
1478
2180
9931
7089
9439
9331
9624
434
9673
3695
4213
7516
6608
1325
4961
3072
2208
1061
7253
9636
3981
2513
4889
9499
6738
8779
535
796
3225
8122
8737
6687
8534
1651
9845
5908
2042
398
5710
9596
798
2330
5554
4237
9042
7441
3375
3446
4968
2661
8637
3589
6559
2347
6689
6457
7441
9584
7513
8288
9137
6405
997
4432
8705
6407
8581
7935
9191
4663
5499
6661
5363
1852
5668
6839
2699
990
1947
5264
8379
2335
7964
8878
9013
3102
8293
5059
29
742
432
9603
6952
6035
6400
919
8296
6749
1089
5127
9242
4114
8656
8240
1653
8850
1024
4992
8167
668
7512
6063
8536
7295
4186
3168
854
2801
6017
6623
8668
3372
8622
9773
4007
4453
5195
562
1934
541
3350
149
9214
8362
3142
1950
5758
9854
4507
5164
9018
1190
4154
2350
1404
4184
1360
2641
688
1899
7405
3405
9704
7444
1064
5495
999
9699
1
768
8153
6017
7273
8046
5533
8121
9135
4658
4090
9937
3516
7857
8470
3606
8710
9525
4290
7474
7879
1553
4111
6745
755
9454
163
3059
5625
9280
4967
6871
5429
7543
6726
6467
7142
5363
8510
94
1057
6674
9865
9412
9840
9625
4666
3865
8720
6033
8261
4572
1484
890
281
3392
3715
6611
2762
2821
8503
3421
7764
3553
9022
3306
4978
5211
519
6651
1399
1479
9212
8021
9412
4563
6873
5966
4094
8901
4854
9367
8437
7284
4129
8115
6233
4579
9062
1027
9016
892
5935
7260
3665
1984
5929
359
5427
5288
6239
5995
7252
6510
6755
6070
8339
7789
749
9630
923
4755
5388
1460
7833
8192
1816
5737
8925
9550
6245
3403
2047
8157
254
7442
3133
5176
1955
2660
5068
9975
5467
3009
7999
4374
5554
8799
3021
178
2681
4442
4280
5549
1880
2875
5740
2312
338
6755
8734
8687
5002
4680
8217
9747
8476
7649
4378
8681
2509
3935
7112
7446
956
7684
4237
9265
7666
8427
3635
9093
9779
3664
4220
6003
3634
5157
6835
8192
7694
9142
4026
6024
3983
7824
7044
2061
7605
349
203
4011
4280
8570
7733
671
801
1796
8246
8074
6105
5128
3127
5529
3060
606
9709
7009
6077
7300
5360
9311
8536
3357
6837
1306
2601
4510
3401
6614
9813
3711
6539
945
7769
8259
5538
5454
697
7084
1484
5340
6140
5477
8559
660
2448
623
2391
4792
7194
3590
1900
6407
184
4025
6156
1189
6055
9411
5841
928
6831
8325
1788
1715
7831
5210
4849
244
5343
1455
4515
8754
2680
9913
4966
601
440
7235
8393
5888
7133
6304
6707
2976
3517
3221
7962
7947
7329
533
4659
1142
4646
1585
3082
2694
2345
7275
2615
1457
4643
3702
2539
4546
7916
9063
692
383
9289
3039
4482
8905
5435
6203
8374
7872
359
377
3084
3861
3845
6251
4596
932
4381
3350
3832
1624
7775
2929
5341
8055
7777
7729
7597
4994
7390
6481
4013
5403
2779
739
7437
2941
844
5981
5645
4823
4081
2254
8066
6514
353
2807
6304
1027
4896
2069
742
4488
1223
7769
973
7278
6141
960
4107
7877
899
1392
8685
6047
8804
5803
6954
7835
4262
2522
6168
6150
6152
348
6023
1122
4915
1021
5684
3699
4377
1252
8641
8305
62
8421
2401
246
2073
3163
8382
8030
3276
9134
2029
7087
4732
1348
3978
2661
8554
8155
7189
3749
898
9173
8567
3773
196
3758
2711
9210
9182
6748
5216
7620
6196
1600
5210
7960
4491
9084
4705
5511
5583
2008
8969
5797
2203
2231
2989
2246
1521
6001
7393
836
9267
5800
5608
3137
9502
5483
209
7083
8193
3073
2163
7976
1742
4354
1653
9740
208
2623
5085
7750
5720
5134
937
8358
7962
677
6974
984
8716
6449
4902
1522
3670
4781
6856
6754
247
2714
7954
4163
4365
9568
641
6922
604
4227
2925
1595
7735
1383
1037
126
6081
2522
2701
6501
4015
1611
3997
2629
3264
1494
8994
3022
4263
7079
4149
1492
2003
6232
368
365
7387
9844
6474
5659
7347
3680
1761
4094
1218
3128
6633
3243
9307
2946
8358
8226
5323
4250
8581
2912
8883
8813
1044
8881
1141
204
960
7915
8122
9888
3277
2567
9162
5172
8290
2803
3067
1071
922
7072
6225
1942
3385
5782
7132
1365
7210
7984
64
6915
531
2980
983
3708
307
7484
1332
7543
2267
5736
436
1794
8151
9724
7767
1071
1242
7046
2713
2797
1894
5623
6997
7958
2908
9591
4370
8281
173
7308
8455
8040
3883
165
7422
3935
2014
4172
6085
4524
3037
2272
8234
7437
7798
5374
8642
7196
7478
4817
1769
2235
5501
8669
6232
313
4228
3276
5157
4879
7280
6463
4459
9239
7376
3014
8592
3577
2535
1035
2117
1960
6705
4253
6901
3239
1827
1082
917
3419
9829
5644
8394
5731
963
1471
833
7641
2640
7144
8944
3838
3175
4904
777
7657
7171
2474
7606
2661
4486
6415
1745
5332
3716
9557
5800
4568
6155
8393
2229
7463
7782
132
3754
8609
1528
6441
6200
8937
2429
5559
5634
6448
9836
6926
9559
451
3161
478
256
8067
6189
4946
9575
6165
9169
6670
9995
2203
5363
6893
1640
2114
8781
9101
8363
7249
9216
4647
8279
2874
1062
2904
1173
7403
2310
9004
1879
5961
9272
9138
1431
4247
8498
872
2293
4627
231
6187
1163
4493
91
9596
1739
5477
4129
8798
4219
5060
4425
4014
2999
5042
2554
468
6213
4434
9641
6328
3922
119
9775
6657
233
7430
990
5319
2527
4898
82
890
8968
9018
8852
9290
7306
8134
2059
2288
1667
8937
2265
8488
9843
2566
8070
822
5944
3765
1687
7725
8552
9801
797
3911
568
337
721
5499
2243
9583
1399
7911
9926
7325
9873
105
1339
4549
4137
3817
8235
5084
2423
8470
1618
8300
2653
2006
3572
3169
1358
7208
3914
8622
3022
1814
7018
9412
6450
2702
1206
9876
3820
7771
2124
3371
3822
4260
3059
5875
122
2960
8628
4253
5654
4509
9183
6918
5599
5637
6007
6841
9458
9712
4215
9871
3267
2042
1316
7448
1753
5774
2940
9781
6703
3478
2866
1414
1412
6691
6687
2327
4310
717
8681
4375
9558
3207
8062
3288
9692
4428
706
1479
6286
64
3766
6949
7982
5212
2963
9865
7272
9075
6
5694
1332
9640
2914
5419
2578
1831
3139
6329
2307
4569
1802
663
2704
4490
9197
3124
6902
7206
929
6571
9644
6868
2476
8536
2493
7156
8252
8983
9025
2217
4705
6869
6155
3459
3665
3955
3310
2647
6028
3957
469
4072
6640
7669
3189
3779
8539
5985
7800
1864
5693
1486
3576
9323
1808
6415
7581
5824
8113
2866
5554
8851
3788
7611
4515
7280
683
7319
2822
1276
5724
656
4603
410
6319
6219
4684
8570
3343
385
8457
6017
9101
2948
5364
3365
7864
4117
5610
4609
6217
8322
6498
8001
3752
8926
2148
807
1813
7376
8870
1672
2300
1240
9793
5256
5357
4080
6238
7944
3448
3111
5023
1735
7027
3441
9239
2578
9443
9369
1763
4204
565
9970
7091
3612
5282
4957
437
2712
6495
2489
6647
3494
753
7810
925
6202
8982
9073
2326
6971
8534
2311
555
9692
8861
3269
5328
9396
7157
6540
1525
7851
5912
1331
9235
7577
1913
2680
3738
4965
2178
6353
3610
8616
1270
9703
8226
8432
3626
8270
5730
4237
1541
6710
7292
8763
9640
1390
5813
5502
2444
4894
1136
8230
8439
4964
1264
6832
5895
5231
2626
7922
2346
8408
7636
5451
2345
4268
6756
8811
4014
856
3448
2811
4806
2358
7679
9102
4396
7713
6059
2645
2328
702
3265
6198
6215
8448
9434
5220
3249
8684
8177
7154
2498
1340
6939
559
8731
8935
5632
6664
5521
848
9529
3510
559
9901
1745
3015
8590
3255
2005
1178
1526
8354
3046
9552
7839
7613
5847
4986
7518
5103
2011
9153
3834
8327
637
5445
7509
2459
6243
2138
2004
7700
4422
1141
6189
9341
2051
7122
6944
8725
7993
2941
2835
5850
9345
2906
568
5067
7884
5223
9716
1746
7664
2330
2134
7578
6834
8547
3663
9352
2256
7270
923
5467
5324
1383
7879
5619
5736
7860
7765
2959
3900
2239
9695
8144
6304
5932
6434
8885
5831
1063
1953
264
9629
485
9543
3314
2026
4866
3675
6184
3248
9091
6700
7066
770
4902
3691
1393
5144
7333
8539
3340
9114
727
7959
7882
4350
4541
5430
2070
3759
1134
9828
2777
6396
7595
7272
7525
8695
2042
4728
655
2179
7435
3913
4178
9733
5109
8046
3394
628
4180
1189
5185
5364
3356
9821
4168
2143
4460
2722
8099
1719
7870
8746
8464
1331
4574
7055
3919
2429
7886
1837
1379
2141
2830
2017
2635
6993
1032
3968
4688
8287
8530
6241
8304
8966
8386
2329
6794
5532
1195
5921
4097
7851
9212
5509
7054
5306
5404
681
362
4201
9010
4268
2749
68
592
213
8662
6674
1259
3522
8207
4068
5177
7732
8882
2977
3098
6158
8242
5921
3213
2807
2166
4840
2761
9695
8147
4104
1469
6276
5123
7499
4844
7510
1592
2999
427
2768
1489
9235
8838
8387
3879
8171
2603
3836
1302
5959
9822
4599
9065
7405
2125
258
9384
182
9518
7956
1937
459
9487
8719
2881
2776
5583
9192
4672
1964
1973
4123
3381
2917
3788
1361
9726
2509
871
1730
6576
3932
393
6313
9842
7410
9579
9009
8151
2446
1117
2946
289
4830
7019
5436
7232
2426
4812
9591
9652
7833
3715
7978
9650
460
4887
2787
9464
8810
4931
2197
2838
9954
3475
8114
7216
7624
891
9856
6952
6610
9744
2876
4362
4326
1274
2268
2845
289
425
2915
796
843
8763
9537
6169
1029
7680
7205
1059
3828
9237
1347
7438
6162
5193
6600
9115
3550
4383
6088
691
2284
2018
5790
4513
9110
9133
9564
4268
1621
6280
2202
4225
1526
6523
1264
9366
8307
4482
8972
4462
4277
2742
4483
9370
1505
2822
5874
7079
9375
2473
1969
5094
4087
7232
541
8283
9812
9807
1738
3507
9900
5815
1560
4345
5622
9249
1007
4752
2385
5168
3976
127
7748
9985
9594
219
4764
1690
5670
8882
4333
9791
4802
6213
9318
7461
9256
8015
380
1746
9468
612
5054
3479
8486
157
8549
7787
4609
942
7226
3895
315
6858
9398
9051
4745
4722
5813
4076
5624
5278
4704
1321
8043
489
3150
4590
9138
1093
8378
3874
4298
1910
2793
4170
3707
1009
1673
6379
5671
17
2316
8907
9338
3600
713
108
2336
4837
3976
2832
7578
663
1891
3104
8673
9307
2069
6639
8035
8867
3067
9725
8470
83
9667
4211
5048
3935
1408
7584
8718
1394
2098
5395
6808
6814
2834
5222
6380
57
7048
2442
5441
8003
188
3409
7427
1342
4899
3296
5790
2568
4998
9637
5319
7540
9963
40
5723
5164
4760
8386
5299
7109
1284
5327
3651
4386
5622
8536
9975
5884
6392
1162
852
5676
8119
3195
2724
9479
3857
1913
7384
4491
7039
8660
5529
3331
2639
3919
4495
4090
3524
5154
7411
5901
9839
6199
3028
7173
8341
383
1494
3859
6895
4103
5554
5645
3862
5856
356
6013
2522
3977
8143
4593
6820
3865
5920
910
9657
8546
5999
9711
2486
7107
306
8421
1310
7776
166
780
5697
9203
9429
7124
7755
2626
6538
8259
1013
859
7237
5380
6872
8932
374
9817
7099
2892
262
6871
4995
5129
3320
2293
7006
4720
642
7380
4877
3994
4503
6322
7361
5465
8627
9874
1707
9098
1734
807
4234
5234
6523
9145
1190
5477
5930
3040
5293
4202
4199
8277
6253
7374
1463
1766
2779
9733
7239
8812
7390
9856
7617
8045
6072
8482
8820
29
6678
510
7524
8085
9289
401
6746
671
6672
8981
2235
57
8100
5928
2765
2387
8864
3411
8753
8743
1019
6797
9445
1728
8421
8944
2042
2167
7694
2430
9181
2745
1163
8392
6515
6517
9343
5639
9246
4173
1117
6387
2504
874
2637
8456
3002
9209
8015
4197
8223
166
5701
8030
4345
4041
3952
942
8666
5359
9361
6049
7866
5222
8874
6203
1857
1446
1702
5487
7728
2365
3105
1527
6769
9772
9407
2586
8429
7834
4245
7635
3347
7411
1774
1436
5507
4963
5444
1261
6866
1400
2069
2944
9258
3146
6182
5260
73
1111
2584
8820
8633
4983
1678
4695
8828
140
5944
253
3423
2815
437
1075
4531
3463
5098
9890
9853
4357
6544
6114
7346
6325
9135
4158
1768
9816
1633
5824
8074
8121
7427
1790
6819
4162
2226
6307
476
8657
6779
9343
7556
1322
5794
6657
9050
2359
1011
591
4313
3685
9759
4404
8607
1381
7844
9939
3633
7071
1313
284
5480
1842
3387
9332
9998
8057
623
6238
435
3766
3649
3245
2764
7711
9220
5788
7647
233
192
5929
3311
9444
7569
1943
5927
6228
4141
8894
8850
9138
4977
1530
1867
8968
855
7321
7439
7732
8296
8112
5245
7515
2758
5660
2241
161
2618
7418
7170
8554
7224
8597
4440
6886
2501
1086
6197
784
5835
5535
2732
3977
5554
1564
3283
458
3129
6169
4358
660
7599
7205
8674
2474
6373
2592
9352
5590
2151
1133
5371
1972
5495
4729
8820
763
9947
2548
5977
9425
549
1700
2243
617
3603
1149
2232
4109
4002
8534
535
2381
7249
4019
3886
1579
523
9546
146
441
1972
1011
6934
9514
2181
4994
1520
3483
9220
1073
5725
3694
7586
8095
9052
6516
5101
8455
8015
266
6156
3899
8324
5282
3210
6341
8932
8525
8137
7298
1842
5022
2009
607
3290
3655
6734
5873
5104
4496
8571
3519
3885
3577
9700
787
5448
3087
5563
9890
2011
212
2162
7178
5828
3803
7645
8790
9696
5934
2953
5267
7700
9890
4931
2214
9382
7035
630
4617
853
8254
3980
6910
1222
3383
3742
1040
8435
9048
9842
7408
5581
874
5313
1543
3787
2721
7973
3524
5409
2400
2066
7367
2851
696
6505
5455
5244
651
794
3747
8714
9920
8410
7394
411
3957
5170
2970
9479
1928
1842
5640
8215
6028
2935
3530
5512
2360
9527
1192
2473
3127
2151
9861
4720
1539
5806
6582
5778
2814
7572
5599
3543
6077
1078
8285
4468
2013
5767
7967
4758
4976
3441
1897
1141
9452
9162
2362
7517
6344
4302
9825
8127
978
5733
2059
8876
8435
3371
962
102
5267
2517
7069
8863
3174
371
2238
7541
4631
4213
8482
8301
74
638
6574
3465
9255
689
4187
4337
8636
29
3722
1133
6741
9102
8278
256
9048
873
69
4758
7759
8223
1376
6510
6439
9154
9642
2726
3157
5454
8303
1958
8252
8404
9207
6248
1781
4048
8782
6174
8008
3524
9358
7623
4697
3447
5736
7561
597
2669
254
5354
7522
7653
3101
7747
6524
9401
9018
4883
9870
426
1907
9311
2765
5454
8133
4502
5682
6745
769
4472
4781
8669
762
6257
8023
3536
9490
6627
8729
7597
4706
955
9458
5583
4824
3844
1686
9309
3668
3286
6422
8398
7601
224
6047
8587
7448
735
7282
2749
8648
2236
4337
1352
5736
1915
2661
76
4541
8654
2006
6665
7393
3074
9171
5103
6675
2752
2894
107
6607
640
5909
2871
4123
6814
1825
1445
2338
6328
8809
9624
9361
5882
3155
7271
2380
7999
5076
7549
4145
4156
9068
4855
9395
3993
6902
5795
2382
9446
3422
7193
7790
8512
8798
2452
4540
3482
7150
3661
6346
2704
196
8220
6150
5209
5182
8269
5930
7977
8945
8451
1035
180
6481
9205
9105
842
9835
1145
4415
5526
3386
3823
7232
4963
6223
8961
7293
2016
2509
4873
780
7150
5658
857
7828
8661
1980
7770
8950
4088
5107
2178
5573
3772
4030
3655
8963
1869
1315
6379
6469
9688
5119
7211
3793
5670
4812
4788
8695
3127
1356
6477
9866
4205
1610
5938
5237
9391
2974
5028
6706
6873
6649
9283
6374
4298
5294
7888
9001
3256
610
1983
3971
1440
1854
3992
4175
7198
4755
6585
1988
4833
7770
4767
8739
195
4990
4426
7790
8197
9706
8028
7844
9145
4819
9437
8899
2807
3140
6044
8680
8784
5361
223
4214
6444
3047
4060
3714
2564
2705
6520
9072
3697
15
5264
6697
1325
4993
5654
1218
9650
2538
9525
1772
765
4158
3395
2762
4773
1787
5865
2114
5085
6461
6204
9661
236
9544
816
5848
9841
8967
4527
6330
2885
9626
3984
7707
9736
5506
3145
6189
2184
6472
8216
9231
3065
3219
9615
6647
5977
4649
6039
234
8668
5220
3529
7100
3472
9927
7728
3935
6483
569
6191
6132
6949
3022
8263
751
9730
5618
3518
8785
778
7279
8331
8928
6848
9169
2166
8264
9291
5515
1685
5142
6340
164
7607
8206
8583
7052
1406
6053
5236
3561
2531
3543
9934
719
3532
9156
9426
491
1817
6470
7908
4390
7800
353
102
4417
2231
8799
7375
2004
886
826
3436
2636
7577
1951
4831
1320
5058
8913
4207
4760
3818
8563
5792
3541
8462
961
8950
6361
8869
518
3414
5692
3490
6604
3087
2494
1376
8262
7865
9247
6934
5562
2320
1679
4811
8057
4571
6752
6238
2889
1223
6137
4736
545
8544
2886
5418
9618
489
3082
3552
5169
9335
4941
3949
8423
8202
1629
8067
8356
8242
7434
5350
1840
4858
6220
3107
6833
9749
4300
5850
4057
3220
9743
2611
7475
1024
2315
2972
3941
6568
4419
5104
9049
9114
8090
1523
6202
824
6908
4548
2105
3929
1273
4341
7881
3479
4369
6448
2427
5430
5032
5983
6163
8310
2639
4524
2609
7474
9271
8355
9436
7218
2554
8494
8918
5158
4229
4660
5330
333
6160
9278
6033
1871
7612
5856
9614
3775
1633
6269
1453
5902
9637
7368
4481
5572
7349
3268
4167
7802
1411
1708
5738
440
4877
8834
8321
7159
7125
2887
3369
6264
612
7631
2668
4603
514
2710
5216
9541
7601
8782
7887
226
163
4288
2208
2476
5141
7407
4657
767
3015
8194
4639
2426
5235
9489
6421
3800
9249
9081
7853
1069
7184
9825
9998
1755
5926
3621
5853
2385
2353
4656
6570
2619
6943
6473
3984
6792
3024
1828
8716
4808
6299
7816
2527
2130
2061
1582
2743
8157
5703
2591
3322
7037
1486
1199
3841
803
9240
5998
4241
4988
6854
4710
8465
8435
971
1824
2604
249
3636
7120
3142
5442
640
9467
913
8110
912
6592
8971
7717
2552
7762
5864
1416
9766
1752
4766
8413
6915
4798
4974
268
1405
3783
3270
4012
7177
6835
7217
9896
4403
6839
1929
1123
1066
4561
3022
364
4247
8235
9638
7455
2518
7309
699
8278
237
3643
5034
161
1474
8896
694
7229
321
616
5575
2095
1693
4992
2352
1922
131
3486
7639
3211
3462
169
1251
1584
4056
5785
5072
8102
1986
2779
82
7189
4477
4220
7632
7931
8706
1404
7518
4976
5709
7956
9781
5827
8561
7423
6977
3342
9858
9800
111
7774
1647
6557
1284
4705
8249
72
623
1066
1888
2920
9007
3390
3394
3402
4142
2177
8778
8473
3808
4805
2992
9930
565
8257
4326
3980
6149
8737
9164
3213
221
9257
9915
1374
873
8162
407
9233
6810
1379
1294
3027
1883
5330
6059
2199
2708
825
3424
3882
8240
6090
4762
5369
2873
7787
5135
7299
909
4942
1074
8741
3392
9128
9213
5234
6224
5029
5075
8208
5554
846
4147
3038
6753
3279
244
9972
1239
7620
6126
8673
2246
3868
4984
355
1575
6408
7856
7822
4218
5737
8329
4639
2796
286
8472
9524
1155
5014
1682
2709
5431
6211
5387
2246
7537
5388
4277
6371
3740
1006
1088
1406
1324
7548
6837
1533
4798
5961
9081
3226
9455
7023
6036
6883
8123
39
7379
3596
526
3595
687
1491
7148
4760
1856
5155
7505
4901
3250
4500
4470
8703
2044
6780
9252
9475
4337
8958
1803
4329
7144
3759
6941
8045
2640
4530
7447
3758
2004
5488
9252
1892
5109
7555
5708
6617
8741
5603
1532
8938
8088
876
3493
6291
3296
7030
7441
1891
2898
4859
9059
598
1326
4214
7596
8261
1207
2211
1839
2521
6999
3736
5454
8242
9817
9548
8790
522
7063
3198
1320
9643
3477
6936
2404
676
5166
8109
4575
7473
7645
5413
1279
2802
3568
6665
3466
6478
9802
7341
7204
2362
8774
4790
8368
7519
2103
6869
1619
5595
1713
9529
2023
6231
1951
3835
1631
7354
2029
1830
2204
1169
2808
8602
6743
9588
3139
4484
940
896
6323
3756
4172
5131
6030
5532
6675
4278
43
2264
8790
8300
846
2921
228
5138
2902
6867
6182
5616
568
5106
7809
2618
8545
7088
9199
1597
1914
2456
1040
73
8250
5155
9037
5420
3269
7002
4462
8114
5367
1257
6594
7805
2401
9497
3857
5996
5669
4450
5867
8014
9497
5313
2233
1374
7424
3865
2034
7432
1479
7450
1572
6076
3022
1519
3665
3802
8381
2995
6340
2777
547
6709
8822
4158
374
2474
817
1362
2366
3813
4226
3719
6059
2672
6847
692
4805
6577
438
6865
4857
6813
9990
5319
8290
8482
4753
6010
4025
2691
6678
9452
9795
6116
7979
5080
75
430
6391
6129
911
9072
9826
5392
6521
6385
1776
9921
6566
2432
7732
7080
6795
9872
3888
3951
7118
6325
5298
9947
3590
8873
9714
8643
8515
108
3452
2049
2989
3960
5625
5859
7643
2078
6805
4405
2254
7855
9864
7540
2254
8296
7494
2200
323
2807
1579
6316
4076
4750
1285
4961
1036
8565
3014
7643
9194
1040
3460
6477
8200
8963
4606
4039
1901
9021
3709
9171
7797
9239
1749
5050
1943
6346
6747
6565
2308
5259
2925
310
9117
2668
7309
8892
5602
74
4900
6847
3964
2843
240
6941
4427
6787
8190
4720
2903
1079
1410
8082
7573
631
3535
3698
3921
4039
8362
7827
1777
10000
3599
7744
6624
6372
1145
9145
3831
8788
9112
9223
2358
4037
9530
6938
93
3895
8612
1030
2877
165
7310
8094
8772
5747
6363
6959
2058
5419
9433
4177
2819
9780
1828
9602
6670
3027
5629
4991
7019
8793
2548
8341
6635
2156
7187
9181
4495
7501
8854
8564
6286
3959
9680
7037
3248
8288
226
9793
354
8612
4125
6666
1329
9085
3105
920
6273
6465
2362
420
1447
4763
7176
7079
8476
9883
6556
9774
5862
6064
285
4606
2414
296
9077
5329
9951
3532
9869
2027
7924
536
8219
3514
8061
1975
1508
3813
9693
8509
2004
6243
9735
4712
1926
5864
4696
8910
2682
5397
4246
9547
7301
4059
4263
4311
6575
3116
865
7726
5894
3868
1962
6574
6273
3401
3613
2714
16
11
333
1542
4679
3296
2124
8558
1447
2413
1950
613
333
7254
747
5135
4067
7291
6905
4612
6080
9479
9754
526
6590
2352
5934
3965
8032
2745
2396
8283
1811
9126
1399
2166
6805
8634
2795
44
1450
439
1150
9285
8793
3348
1775
2575
8394
1572
7822
4371
181
9524
5523
9628
4876
5286
6381
4777
1872
3972
942
150
575
257
7824
658
7547
1167
7289
3024
6915
7823
4870
7977
7646
8798
4822
4234
2907
6409
3398
7757
9544
8753
4667
6376
9600
9983
2338
1863
2128
806
4397
546
7270
5915
3705
1711
3198
2966
2735
4104
8004
5019
7165
9027
9375
1516
1435
6502
9786
2407
7009
4559
4274
6818
859
3769
9407
3409
126
3492
545
7187
6773
1801
9762
923
5101
6864
9785
8196
2657
7719
5709
8948
7341
1630
3475
8779
3921
5648
7060
1535
8826
8740
5920
9386
8025
7822
400
8565
6857
5352
177
4554
4541
6430
7304
9068
3944
1404
4117
1713
1391
3665
4025
2142
3395
4258
4893
6545
8923
7501
4308
4941
8111
465
6698
4854
8151
4333
2638
7008
7654
9236
7582
5730
3885
7657
1281
4383
7384
8008
2181
4602
6675
6092
8868
895
7848
7077
2482
1645
8716
4434
1381
6692
3200
8081
6698
8341
5143
4559
757
8248
8607
2411
3307
1002
515
8638
9219
5716
8835
6295
5245
3108
972
5001
8599
3838
3924
5274
5967
7378
4902
3613
8173
5250
9361
8418
5228
724
2423
157
5277
6635
7369
2723
7535
2652
1610
955
13
539
2057
2708
6331
6516
9698
1527
660
7024
8235
338
1683
2571
7843
7065
3037
1527
8113
9412
9530
1897
2282
2029
5962
5404
3974
14
9450
3695
6650
380
5796
3455
2344
6020
1169
3377
1433
4733
7053
7268
4169
4489
2023
1169
33
3219
3931
386
5941
493
4920
7212
4973
4123
6071
6896
372
8574
5136
5028
4362
3027
7726
4491
8801
2317
5104
5097
9202
7460
7574
8414
9980
8601
5296
337
1110
6461
9455
4018
9558
2108
412
1115
7429
5577
2692
6101
872
362
6157
2122
3910
8359
9243
3846
8584
6551
8016
8890
3794
9374
6908
1890
8932
2401
2326
9346
3743
8393
3221
6786
1675
1615
6848
9575
3908
478
8560
9156
7621
7418
5631
5885
7572
8760
5784
8277
5659
9528
5804
4485
9932
5080
2919
51
409
5205
3205
1287
60
7395
8381
8803
6295
2327
9174
2022
5788
6774
3387
9206
498
3225
6580
5540
6541
6832
5774
268
5449
3005
7900
1033
4471
5579
2808
2452
5073
9735
9501
187
7900
4281
8914
4012
569
5417
5774
4274
6162
2932
5513
1604
3140
6294
1977
921
9245
5566
7863
4494
2556
8813
9356
6281
4042
5170
8578
2097
3206
1931
5199
7519
9922
869
7205
6477
7566
1075
7629
7272
1442
9312
1908
3187
6249
2591
4808
9295
3977
8195
5649
9098
4649
2641
3012
1330
1719
5349
6178
639
7304
3734
7481
6407
8343
329
956
4657
2133
327
796
494
4884
519
3870
6973
7865
3675
5148
1051
2017
1694
6449
9553
8747
5750
9394
1291
852
9381
9144
3754
339
9882
3880
6877
2475
6907
8059
4779
7004
5928
82
593
2822
6378
337
9550
7635
6578
9817
1582
9239
2250
4436
4032
3848
8559
7800
5861
3403
5438
8121
120
9192
780
1745
974
8194
4263
8150
3170
1201
6143
1571
7746
4614
7255
1090
1565
4607
6673
6316
6196
8360
6253
1790
4700
8738
6699
5791
4799
8903
8943
9346
9179
4010
7712
4204
9648
7196
8075
4173
3261
7566
8086
2137
3669
4645
1179
9508
46
4252
4037
5402
1689
222
1451
8844
1285
6944
7415
6670
9946
9793
7228
9553
6254
191
7773
8457
964
894
7841
6451
4202
4878
2000
2030
9825
8799
4801
842
7689
5509
7284
9058
4788
2309
7543
2867
3125
7557
5717
2123
5050
9902
2748
7615
3422
9574
8195
7794
9067
9898
6954
583
5650
597
3505
5822
9319
7414
2488
8883
1069
7331
3964
7445
2523
5759
8107
8971
8993
332
6260
9175
4617
4175
4722
577
5790
9382
7750
6130
1850
8135
2411
623
76
979
459
254
838
7237
2815
182
458
1539
5929
8123
9859
3147
6740
8656
7464
1146
8565
3968
9728
5862
6586
6274
6688
3021
4440
4330
1528
3510
6728
1631
1589
4961
5523
1383
4431
1153
8571
3926
2555
297
1645
2402
7473
9753
8712
977
9976
24
7626
8268
6232
8037
8235
3135
6251
6835
9853
2304
8750
2574
1659
4825
8200
6755
744
2422
590
5489
645
7429
5089
2636
3489
4160
6380
697
5010
7723
4790
882
9644
7111
4795
6724
2660
781
5608
2780
7158
4822
1258
8541
9867
1948
9913
3347
3790
272
2977
3073
1700
100
6423
2764
2179
2216
2139
7844
2084
5718
4007
8622
5596
1017
624
9006
340
7680
8370
6020
7901
2838
4788
2221
6800
9537
6848
5234
5247
468
1288
7580
4466
7451
8637
2351
8885
4131
5058
5196
3621
1453
4496
6854
8455
43
5822
8878
4722
9906
6947
7793
3048
7166
4718
3431
819
1559
5861
7875
8140
3526
4965
7547
5661
9282
3786
8369
1434
9871
3964
7318
5517
6646
92
2694
5197
8189
8951
3222
9705
4566
5504
4926
6659
9845
9850
4317
9834
1088
5297
7823
8549
2782
1820
8093
8720
2620
5125
3232
2513
2487
4596
3330
8945
6077
1053
1455
3670
2133
1689
6483
8762
4304
7059
6906
2157
1546
341
1862
596
2846
6824
6922
8400
6110
8678
7019
9868
2900
4916
9353
3763
7643
9807
4991
202
2052
794
4167
3996
4873
9582
9745
5134
3489
6147
7697
4901
991
6491
1919
9509
3685
222
1867
6379
3025
8586
9117
2416
6365
2943
8338
424
2737
8911
1122
3210
5195
1427
6700
8446
7696
5617
5694
6828
2446
831
5966
3542
8299
6
9083
1120
401
8140
1583
8992
2031
991
2494
5221
3778
6775
586
1285
206
1395
6909
3534
1222
9483
1368
9975
2085
1167
9564
9265
2607
6036
207
9451
6481
9864
5246
6330
3737
4817
1585
7995
7050
8969
6430
3624
7064
1394
3646
7085
6272
7266
1080
5576
5529
9924
6902
8801
4488
4557
1680
6411
8940
5127
8234
9026
9580
1929
8993
8304
2383
4687
5330
5068
8713
871
8468
8477
9452
2385
5048
2421
8464
2268
4808
4906
4949
5453
3165
8202
9105
5872
458
8552
9736
173
7668
7505
897
3538
3791
9966
1795
7730
5235
4503
7813
1814
2376
5695
7145
9290
812
5202
592
196
1968
4002
7103
9138
65
7653
9590
7707
5704
8221
4479
1982
983
49
6974
7116
80
5382
6009
8879
7374
5434
7986
7527
2849
7003
5597
5974
852
5848
4554
5588
2984
1174
5408
7212
9490
4878
3164
3863
6209
9250
7289
4048
3227
5343
9363
215
1644
9752
1616
1765
3896
8294
2090
4565
4790
6248
1413
2888
7894
4775
882
5533
9409
4855
2332
4273
8005
4324
1198
2781
9781
9533
1715
2709
7265
8099
8274
1015
637
7657
3562
5539
8115
7017
5858
2412
6700
7828
6991
9585
2195
2017
1693
396
4398
2841
6479
1595
3205
5671
6628
262
7378
2297
1430
1687
8022
4898
5117
9482
6605
6082
246
8713
7628
5391
5160
9011
3811
4462
5813
7695
582
5969
286
7884
2352
3734
938
1755
3799
2850
6050
5855
3927
8349
4800
7459
7380
3346
8029
4773
661
1993
5256
3965
6045
5107
124
3966
2630
5478
4414
1100
3467
3700
334
1437
4251
2136
9408
8780
1231
6845
16
7332
789
6383
9464
5006
3202
7325
7673
108
5493
4739
1604
7961
6397
7594
7087
6204
5205
3706
3490
599
8098
1813
7670
931
3645
2447
4754
8992
8210
7392
5128
3067
9634
3608
9478
2716
525
6916
1959
8947
679
9298
5697
593
414
62
8931
9514
1420
7667
5078
7407
7759
1463
2150
9526
9067
5134
5321
8867
4805
2271
2977
7147
6756
6903
7673
6738
9559
6214
2613
9825
6252
8658
6448
865
8890
9736
6332
324
3836
7868
5742
8491
2645
5859
5164
4762
2777
3365
4152
868
2206
9821
5872
5775
5503
1349
3980
8944
8165
8034
8381
2240
5098
7781
5883
9920
4772
8446
7294
9445
1125
4727
4167
6503
2677
8301
1896
7002
3955
8583
807
9259
379
1836
9193
3396
3179
488
4275
1141
1901
9796
8059
4049
3262
4188
1017
3029
9446
7879
7049
7899
5264
3182
2755
18
5747
9296
8172
4199
7119
3025
4696
5615
1464
2507
7600
9873
8908
6265
4650
812
9447
1085
5631
891
4061
2239
1852
1047
5023
1174
3666
8364
4561
6189
3258
4242
4263
1096
2534
916
8934
4044
8169
1077
488
996
4187
78
534
7705
9641
6139
9127
4746
7506
1475
6728
5823
9289
594
7638
2633
5128
4127
5836
9336
6493
2105
6304
1631
2843
7884
3890
1124
2863
4707
7138
820
3451
6038
2217
7500
4821
5952
9947
7703
6330
5546
3306
175
3140
4220
9523
6873
6804
7919
6219
5786
7516
5352
6609
4004
7291
4939
6441
6533
5012
923
5775
9710
9125
940
8772
1226
1972
1554
1493
6291
9120
5612
1053
139
6703
373
6149
1417
7645
7976
9471
3164
536
4725
9300
6443
6207
4916
8447
2450
930
7561
8182
5899
465
6460
2418
7416
1304
3638
5830
3641
7362
6968
1221
3769
8399
5054
8948
9214
9219
1136
6535
8425
8583
9056
2730
9967
1241
9257
6426
9258
9931
3304
299
5189
8629
7880
2022
6393
7545
5231
5772
5940
843
1997
2033
174
5667
121
9947
4246
5122
3230
5427
4397
3367
3428
3000
6850
2410
498
6844
6823
7578
4053
7021
869
1290
9872
5364
8147
4230
1974
4209
7789
5075
728
2086
3948
2251
2914
7063
6556
7653
2622
2202
5622
7054
8970
8709
8269
6607
5064
3062
6052
9477
7856
6767
8286
9312
8964
8584
2906
9433
363
4126
8082
2981
7755
4873
6673
374
8756
7869
192
9573
5290
4296
6352
5355
3985
4054
1484
2078
9241
8771
5883
5970
7714
4010
2652
1278
3449
1199
4596
8219
3167
3775
1402
2985
5017
4962
1566
5835
8381
4184
1482
75
4686
8852
6275
6994
7285
2255
722
9028
2297
1758
4454
8272
4575
9137
1573
428
4376
2205
7168
2220
212
2959
5471
7173
8412
7906
4844
9209
6938
9136
580
6870
5851
1881
4392
3090
8347
477
5660
3316
9277
215
2975
8062
3840
1310
4792
3990
1618
6380
8400
4568
8520
4924
798
8766
2347
2408
7718
9835
4862
5234
504
6431
3444
9219
1546
9458
9768
3983
1103
3434
463
8224
3124
8860
6490
7441
7307
319
8008
4690
6762
4566
490
9420
2388
4708
7902
7551
999
1849
2476
7048
4594
6345
1336
7201
159
2225
6676
7782
1640
6961
3422
6857
9430
2226
1174
9943
2144
1320
5370
3803
5552
4710
2536
9078
3630
7524
6906
8151
1121
8460
7442
5274
2137
8247
3132
4745
8379
267
3845
5126
628
8006
6041
4195
7490
5997
704
9938
4341
8989
8679
7287
9924
9936
8497
4143
6341
1042
4716
8628
7381
9687
1072
3949
7897
8824
531
22
3713
6935
9610
4990
9935
4192
259
3719
6847
1634
1508
5144
7372
2022
8937
5493
1331
3743
6641
2361
1457
1112
6024
3764
8534
4921
5255
2759
8705
5415
4808
3140
392
8723
2698
8513
998
3499
993
8039
9204
7402
9527
6417
3139
2165
4520
731
7203
3998
6313
2248
8057
5199
9055
6111
5647
7926
8342
7210
9160
5464
1226
2352
577
543
2038
6596
3385
1140
4469
2295
5107
8766
8841
2018
3513
3423
6104
564
1345
8632
7877
3546
3991
2646
5470
2799
8143
4576
8514
9346
651
5242
436
2944
2156
398
7478
162
9757
7713
9147
6655
4816
432
1417
2429
9484
7403
6814
3896
1125
5307
2356
7587
3253
239
254
6520
7015
989
6646
662
3735
7286
7632
7504
937
5915
6011
6821
2609
8035
7029
8948
4371
6538
7152
7987
9311
412
6863
1966
1744
5289
1068
8696
624
16
306
513
4248
7291
9989
9570
6803
9354
2960
5322
2972
2761
3051
9984
387
4712
6301
8512
4178
3507
8704
5949
9207
6268
2418
5763
2682
6811
260
2745
3066
5851
1023
2001
8518
9898
3654
1146
1048
1452
3371
8284
914
3189
7406
4058
6003
5031
7630
1890
7415
2111
6836
2252
3389
373
8528
6336
8123
9015
1968
8837
155
4830
9967
1
3960
7875
9680
2082
8419
4041
6119
208
3065
9789
7517
6017
5018
1817
126
2534
6573
4622
1711
7001
5919
9334
4536
9055
4552
431
5874
6357
5198
2988
2100
4557
9156
6397
3145
6872
8883
2770
6337
1668
7172
6698
6434
3369
1695
2289
7130
9069
7485
7810
8280
8180
9656
1213
3262
178
2221
6888
6141
5984
9401
1405
4283
6913
4923
3163
2640
9137
294
5183
2150
7250
1048
34
8032
7099
7815
8413
8585
8593
3722
4763
793
768
7520
1540
5991
9860
3895
7795
1042
643
1869
3844
4312
3814
5046
8759
7307
2728
1360
2526
9850
1010
1556
2683
9123
5804
6822
2331
6303
5479
9580
3905
5559
5987
9762
6324
73
3181
8430
6209
2762
3274
8802
893
6691
534
6778
6114
4708
7861
9279
5273
100
71
9038
5988
6362
1085
7487
8835
3258
1969
4139
9970
9792
4555
6539
2930
8561
1827
7680
9026
4516
8379
9505
4169
4561
7597
3710
1204
891
1091
4448
3831
437
1115
938
2508
9455
1359
4370
507
7914
6650
117
2968
8638
7255
8381
3810
8659
502
2498
9374
7968
4516
5550
9913
3028
6913
6139
9401
3190
3453
5741
5450
1929
5853
2690
6484
9105
4465
6092
2427
7935
9315
1896
2041
1716
6553
5168
5883
759
9760
4994
3272
9943
1496
4538
4627
5635
6505
9258
4556
8915
2324
1340
4617
2711
9059
3603
8
5366
9485
2262
8367
7999
5552
8112
3591
1957
1020
2391
2891
8760
2666
887
7837
1802
8067
3979
5834
6746
2698
6179
3358
6197
812
402
9821
7744
8210
2064
8472
5196
9241
9870
268
4181
3294
9550
2349
633
8021
3077
1510
5076
7432
8962
7837
3840
1580
7596
2997
4453
1459
7945
4831
2441
4632
403
649
9955
8323
580
7663
1631
6131
9992
7019
9420
8898
9016
1134
5927
9611
7687
1938
6769
8646
3042
795
7066
4391
4751
7035
9862
3370
6528
9875
9996
9582
1169
823
410
810
2585
4414
9352
3965
2278
5640
1754
8404
1247
518
6894
2847
7018
7601
4346
5752
4972
536
6801
3451
4977
1901
9267
6718
5384
6558
9920
1991
3301
8218
2170
6471
3411
4954
7121
9343
4818
9543
7343
6886
6818
4362
3779
8671
2439
6660
690
7441
4204
3036
3228
2253
3472
6555
6110
6136
8659
7682
1384
1219
1528
5587
2636
6909
68
228
3446
8448
8980
8307
1747
1342
5550
7553
2839
1099
226
4969
7568
6176
4145
1470
8257
2391
5287
3136
9383
3026
6814
9045
12
1932
256
9243
5355
6946
6538
3886
6710
6388
4292
2762
7886
294
3520
3871
6945
9864
8927
6614
2132
5491
5453
770
5521
285
9801
4563
4248
5007
7478
4717
9721
4861
1671
2234
8729
5803
2461
1781
528
3692
8547
4423
236
2602
9239
1419
6608
180
2490
6190
4086
9379
4460
1780
8820
3139
3921
1384
7634
6459
6188
1020
940
3173
2359
2522
8403
9306
4732
2461
5181
3692
4622
3671
8978
4332
4888
5368
312
9212
9195
2345
2183
416
5105
9827
786
4809
893
8008
7778
1927
8107
8915
1256
8854
8274
8050
7993
1743
1754
8359
6592
5107
5945
5977
202
9578
8011
1369
1610
2387
1696
5794
6963
6507
7188
9428
6059
3017
3582
9930
4893
8204
8461
5958
6426
8948
2528
1461
6922
4387
7215
7341
4752
2509
8583
3536
8196
4207
2683
9144
3748
2727
7111
7355
7669
827
6647
9183
2737
8053
3741
7053
3987
5759
4210
2435
2610
9812
6564
9399
7573
7168
6447
1321
3148
9494
938
5126
4702
7151
491
8896
8950
5259
4000
7316
3244
7628
3191
3194
2550
9773
6113
8626
2437
1988
3708
9351
3664
394
2957
7840
1887
2192
1739
4860
3222
7026
2065
9412
9122
6918
170
9728
7968
4807
3602
6668
2933
481
1431
8138
2409
7703
3813
5568
3251
5261
192
2801
9183
8958
5259
778
7565
3964
6131
4689
3154
1426
6044
3898
7654
516
5633
5757
2384
5672
8652
5842
3614
5838
2995
2864
6481
1494
1955
477
3787
2483
6916
704
7740
1327
4078
5051
3541
4350
2224
8825
1460
8431
1245
9024
4370
8265
6115
4059
1398
1500
7884
6578
488
8790
4979
2993
5103
4575
2771
1083
7255
322
9167
9423
1052
8987
2212
6040
304
3979
1315
121
841
3363
6897
2577
3212
4681
5443
2025
3129
6088
5429
9520
2915
6756
2844
7774
7346
3602
4789
890
1209
7958
1142
6460
5741
1402
4865
5635
7922
5577
6967
5853
4039
2348
3832
4207
4747
6841
1338
2633
765
517
7711
5909
3598
3490
8192
5572
5796
7418
4223
2711
1443
8610
2419
4640
3721
4307
4289
1721
4613
7022
6875
5131
9936
5478
3573
2351
9389
6622
3503
7436
827
5817
2589
1348
7176
8959
5688
5060
3864
7437
9766
4520
4394
9155
9103
7345
498
3808
1526
5761
2311
7137
4496
9729
6515
7306
517
1363
4278
9588
7899
3872
817
5693
1169
520
6134
2924
8342
6806
8811
5363
1806
2053
3224
298
7581
8114
4841
6979
5703
2328
7507
2307
6478
2719
9213
5636
9511
5528
6484
9937
9204
8891
6296
4197
3518
4101
3588
194
231
6401
1675
7128
3218
1288
8274
2550
2450
1171
5158
5236
8763
2620
3493
2174
4940
8386
943
248
5757
6793
9090
4111
3342
4926
1507
4422
5980
9496
9565
990
6415
2792
8089
7078
5927
6946
3558
1404
9654
6238
9159
940
4697
4338
9224
9791
6979
4302
5773
724
9671
7860
280
765
8114
8185
9434
8778
2308
8783
7250
2451
7871
1090
1760
5842
7390
5374
4414
5090
9380
4543
3411
2354
5447
60
2044
1272
8985
6986
6950
8625
608
7513
6920
9791
43
2424
7835
6687
1506
8649
410
6974
7911
1501
3139
1515
7183
2038
4397
1700
9014
5258
7127
8759
5697
3899
1937
1175
397
6819
226
8921
7029
6065
4791
8264
8775
2203
4446
1174
4896
2665
8271
11
9595
5859
7047
4863
8432
498
5626
3537
3894
8320
9152
6308
5126
6361
2981
9998
3661
1206
2398
1574
1231
6097
9300
364
447
5232
2525
4658
4415
3932
9866
4573
5395
2125
8172
8532
2048
6553
4053
4549
9460
6951
6013
1342
5132
259
2832
4784
5775
6217
9250
3305
2862
5935
3741
927
288
1888
9056
7072
7968
358
2846
5826
9963
9600
6175
4319
5752
8805
2958
371
9879
2552
4263
3325
9600
5991
342
2197
8451
6233
6287
3287
7152
3574
2894
1534
5059
4764
9227
6872
6479
2184
306
2643
7593
4132
8650
6562
391
6083
7571
8081
4060
3837
8838
7678
1316
6202
5626
2443
9863
1119
3700
2988
3611
7554
9787
2703
847
4037
3460
4652
6464
7412
8920
9397
7023
5411
9949
4004
8169
2970
8830
830
2426
7374
5253
1582
7868
3362
5701
557
6088
5061
1391
6528
3849
7282
8880
8051
3701
5750
7670
2859
6214
2890
4177
5878
4631
3540
1457
5527
4910
7960
1445
4118
6936
4103
6297
9180
4479
3148
8478
5319
7690
6993
2240
3521
1863
8155
7516
2349
8309
6069
4001
7124
5571
9954
3114
7091
4930
2152
1006
5826
7839
6902
689
1270
9776
695
7878
4054
4457
848
8088
6811
3993
8969
3979
2797
4691
3076
3818
4793
1599
2811
8248
4226
4413
7211
937
2277
1732
9750
8211
9052
3481
3910
6781
4544
9102
9038
4988
4931
1957
2798
5881
9970
9872
812
1303
5541
2527
2255
5468
8654
821
4309
4953
3711
8871
3027
1694
9670
3140
2503
6836
1236
4023
2683
8266
2922
1508
8318
7979
4678
4146
2649
8008
5846
5312
8212
7275
6961
5400
9840
4913
2950
2473
7776
2538
3499
9823
9566
529
352
1835
7276
7241
4328
8321
8049
2662
496
6549
5939
5968
1629
926
2548
2259
5355
8393
3548
9741
4495
3256
765
8357
3888
1985
2310
3942
1687
5401
4543
6081
3173
8965
92
4505
980
6520
5631
6959
6521
2539
3642
7977
9634
5747
5900
2257
7679
3951
7448
6843
8679
7301
4823
7847
2273
8402
8619
1582
4201
876
7167
1914
6094
5978
1156
6300
1852
1435
9601
9292
9701
463
4492
5886
3553
3135
5005
8273
5536
5987
5727
2682
6451
69
3386
3026
2123
1453
4272
1052
5239
8690
7884
6295
7252
5253
8011
5971
9310
7597
2349
2014
3061
1016
3898
1027
113
3208
1839
2224
2974
8571
3929
7825
9741
3946
2165
9124
3642
274
6511
4039
849
6406
2554
3625
1502
8560
505
5730
607
7284
5457
1616
8873
7945
2239
1388
8010
2969
6561
3319
8818
1132
8792
9791
3500
7120
6652
6218
9440
7596
7809
8763
9924
3089
1812
4622
9297
9642
3150
1577
3577
7036
7759
8995
2532
2984
7291
993
110
3605
864
4622
129
7613
1530
4264
4394
1281
7912
2005
651
8938
3445
6193
2721
4694
416
2752
2007
7630
8271
5107
7911
4818
2753
9343
5091
8149
6544
1862
2573
6720
3707
2516
943
4371
1433
7064
4725
6411
7206
8856
9057
6533
2175
9384
5847
6711
3050
4884
5871
1863
3476
3810
6955
5268
977
2703
5022
7279
5094
779
742
1279
3575
4156
9258
3036
6089
6882
8773
3325
7846
3476
9392
6936
6567
3415
7945
2361
6026
833
4302
3357
9020
9151
6049
4907
5880
3220
7249
8517
4856
8893
4345
9512
6411
8536
6457
232
9858
278
2248
648
5726
2920
9191
2672
4076
8530
808
5116
711
4850
5627
248
8722
8652
5504
5999
2737
6807
7548
126
3761
3035
778
2742
2009
8138
5721
3422
651
863
3879
2745
8810
1259
8199
3349
5769
5656
8409
4568
4989
8299
6437
9294
6058
6376
8484
9767
2597
4956
1865
1040
1975
7714
2855
9645
7941
2971
1854
9847
4744
9985
9900
5190
2097
8437
6084
8647
7032
8197
2678
6242
4911
945
7850
9309
3003
7277
6918
1244
9201
8277
3826
8166
1253
1477
6690
737
7813
2655
5423
2993
7438
1801
5226
1700
5580
6724
8254
7243
3317
1745
9587
477
5280
3575
3182
6772
5178
9212
9205
6732
1852
753
4441
3185
875
5286
2022
7863
6712
2955
7648
7716
8053
3078
7044
1401
3451
5700
1145
3541
7640
709
9093
1750
2043
1048
7568
2707
1660
8566
1701
4560
657
3922
4356
9547
8946
3530
8637
9733
5822
6023
5694
369
641
2422
6880
692
6762
81
9100
1302
6655
7317
7851
3635
8583
6260
4226
9577
5981
2605
518
2646
6058
3827
9558
966
8093
4978
8174
160
2705
804
3582
7115
4319
8903
7307
5120
6119
1110
3224
6708
912
8112
7048
5209
2114
6616
1687
8740
4870
9659
4412
651
9789
3382
4189
1794
8811
1455
6405
9698
6555
404
2460
7501
6338
1234
2657
2425
9928
1949
527
6875
543
2019
5183
5020
7404
8174
5328
621
5109
3469
5347
3523
343
8369
624
4537
7127
8467
4785
616
1204
3355
8321
4991
8351
491
7323
1274
3753
9763
8073
7536
9040
4947
9686
3611
3754
9542
1529
1204
5780
7209
3231
7664
2914
91
5249
1902
4876
4755
457
3848
4448
9231
1573
3629
6157
4335
4269
8333
7587
7090
3911
695
3542
1984
2234
9553
4725
3726
9424
6762
8409
7022
3070
1706
8074
1870
3128
1175
6771
5423
2497
3539
7031
9866
432
7575
2533
9715
1214
1069
4281
1425
7185
9481
9251
3437
2169
4133
8845
7994
1239
6835
2037
4647
8336
5690
4175
3369
8105
3241
1103
7446
5800
4202
6173
1929
8565
5172
2301
3361
7297
914
2982
431
8884
5996
4064
3646
1607
5920
9192
5517
3847
7965
1947
8586
5689
8291
5536
1106
8679
4643
4874
566
1037
2286
5436
4045
2144
1597
955
8818
1643
9048
3907
938
6331
9978
8681
6620
2986
1096
8577
9475
1219
1508
9730
8966
6601
4281
1258
3202
7217
8150
3595
1330
3397
9332
3162
4196
668
6005
6826
3483
268
6047
8911
6030
7226
6068
9518
7228
8172
6175
9805
1274
8273
6621
5074
3097
4415
4423
9308
6281
6196
9857
9587
4345
2108
3768
8236
7308
1549
6352
5599
3999
5433
9993
2451
2538
5644
5435
4014
9860
2006
33
5034
6157
5844
2645
5801
9081
3604
4239
2592
5578
8875
8514
6763
8894
849
9772
2987
7930
6562
8655
2220
2461
6551
3509
7271
21
8572
3373
9765
1973
151
8181
9103
4119
4682
2914
1683
3185
6306
9217
6475
5157
3839
2496
72
1122
4737
1152
7472
676
9898
5307
3531
6450
2089
9611
4261
115
4942
9411
8535
2784
8262
3036
7425
5253
5408
5166
1492
9282
9936
627
6117
1979
4969
8378
9321
7032
6358
7484
5997
2724
3713
7859
9791
2838
4984
6999
2444
8390
5327
4644
8824
2813
862
8284
4430
5516
3697
894
1595
8662
1582
3728
923
6060
2298
6792
5164
5579
133
5566
9906
4109
802
2241
6356
851
2813
2882
8632
8225
5607
8075
3665
879
9513
6769
5269
8719
6937
9541
4932
6763
3017
4544
8398
4494
9610
6800
4322
728
4494
631
7976
3265
6165
7509
996
5661
8815
7547
3023
7095
2158
8631
7857
5194
1967
3156
3759
3129
1548
1528
9926
8994
7482
3033
2467
187
8121
9146
5027
8208
4527
2862
852
185
6254
726
4697
5855
4997
8345
2666
5889
7125
7244
7304
1985
8011
2535
6571
561
5871
8441
9453
6924
8994
5356
880
5535
3963
3176
8429
1497
3193
280
6165
9952
5677
45
1598
5554
8842
3978
3283
2802
6150
2034
7109
347
7336
5715
5540
4326
886
5546
1639
1299
3430
98
4415
2562
7931
6239
9274
2475
8119
9282
3116
4637
9734
4780
6400
4716
9602
1183
1533
4424
1889
7896
1812
6646
9314
4253
5517
4659
953
83
6958
5100
3876
7600
4537
8863
8865
2316
8773
1388
1223
4456
7706
6318
7430
3931
7378
2842
4178
161
7355
3262
8771
5775
3167
34
4923
9329
1322
3236
6225
7454
1684
3256
4576
9144
8279
6336
3834
8281
5661
6521
5944
820
8133
8361
8337
6926
4915
5421
4479
2556
7391
1284
8914
356
3843
6005
2610
6479
1461
1354
6179
7219
9357
1600
3740
1576
7051
3011
5091
9486
8336
6989
4156
7233
4176
2398
5087
4648
6883
1405
6444
3215
5589
3907
6794
820
8234
3842
9212
3095
5825
3069
4275
173
8528
3167
1573
3077
5941
8315
941
2836
5261
107
5337
7029
2826
6094
732
4400
4593
6213
9397
2516
653
3634
3867
5255
9115
4419
1837
5353
8621
9821
8427
8093
5432
6312
2208
3793
4173
9326
518
7517
2429
814
9811
111
9057
5730
3818
520
8546
342
5728
2033
6318
3405
794
443
5030
199
3235
5292
586
3801
7302
4525
6013
7343
8043
8734
3796
5541
4155
548
1779
3913
4344
3248
7611
21
5449
7024
4878
6556
7929
4943
6801
724
659
2482
5657
4646
8410
7698
893
8889
7014
3133
6038
7802
1369
8723
3121
4355
6059
231
2213
2145
3394
7504
2457
9857
9919
8414
4200
136
9644
5003
177
1301
2079
7622
9533
107
4705
6809
1007
7289
4897
7936
2528
7887
7525
9571
6903
2379
7413
5152
5091
6136
2124
873
4777
7984
479
3919
1738
3781
658
9701
5299
1192
2480
8177
6732
7590
5308
1174
7770
1376
5553
1573
110
9866
3278
4741
2842
4953
163
9966
2509
667
9707
9765
3946
9342
6531
4547
4508
3480
8233
6131
4695
4566
5036
8256
4155
4949
2002
1363
1304
4703
8741
2002
1332
7460
2839
8702
7463
1859
6066
5728
2002
11
9215
5732
405
2522
6999
1680
4295
9645
6991
8603
1768
304
5207
213
1931
3498
6218
9832
4740
9313
3893
8671
284
1727
9945
7374
4391
8743
2702
5084
931
8369
7443
7673
9009
2202
8762
4434
7324
8144
5888
6246
3780
926
6585
3071
606
5420
2366
9970
3700
9859
2408
7605
6785
5483
5324
9218
769
7727
4801
1434
832
8861
2094
6513
315
657
6255
5039
1330
4784
6070
4563
270
2247
9222
3370
1745
6607
3506
1095
3401
7216
3720
2349
1810
1891
17
5072
6882
8863
7716
5223
7475
3321
4015
5998
4058
3712
1684
3221
6714
2430
6431
4237
2906
7783
9840
379
6431
2023
4955
5894
4121
5930
4400
6954
5663
2513
2511
4424
592
3527
9448
4760
5254
1077
3930
5391
7300
5145
729
1498
6820
4179
86
8265
9332
2424
34
9609
1511
7718
6610
4483
3012
5758
7657
6700
6402
681
19
4861
5253
1474
6497
6737
2279
7593
3273
5626
4327
5853
820
2943
6632
4908
4963
1315
7049
6597
4422
6999
9729
7547
7089
3544
306
2801
5660
7082
7056
6453
8840
2069
6057
2694
6542
3085
1599
1160
2536
8909
3143
8450
9463
6990
7352
623
1082
2413
9257
3117
9516
2562
4576
8941
4634
8992
6411
2279
2808
8036
5664
6522
9131
3950
9775
2190
6238
2822
4324
6142
3921
6275
5039
5235
8645
6246
1992
9287
8001
5632
4042
6686
2422
5096
9419
2485
6850
7382
4702
4192
1717
5520
636
6717
5032
709
9967
3158
1973
4023
2565
3450
1767
4542
5983
7020
7677
4161
3349
5050
2790
408
7862
3164
7479
3121
5845
928
429
7756
5506
6952
8422
2015
3655
6440
1835
1612
8185
1221
8032
4920
30
3559
9841
6027
7703
603
8840
6897
9610
9771
9361
9328
738
86
2324
5175
5255
404
2559
4379
5169
1923
8477
6993
3409
5128
970
3945
8281
9503
3414
33
2656
9119
4078
1424
3074
2220
3824
4953
3371
661
3819
8021
6778
6693
3235
7326
4892
4304
4165
8064
6741
4501
8134
6966
586
6608
3077
113
399
9712
9887
3056
7622
3010
9676
2776
4047
6481
7677
5004
2998
5328
1640
7186
7691
8137
8558
9645
4900
7205
1335
4764
4006
7588
2444
2414
7200
4004
5253
7391
5744
9379
218
7879
2396
4720
1768
4402
9495
7073
8197
1066
8798
7921
393
6325
2115
5355
3398
3196
3962
6955
6331
1033
5527
8939
8003
7396
5571
9402
8987
3613
4592
4759
861
370
1045
5539
5966
2996
938
881
9180
2694
5262
1589
207
3868
2573
1657
9248
2093
5970
8571
3341
94
12
1287
6395
4635
2507
2899
3985
4140
5785
2674
7437
8361
4114
5700
4736
897
8298
4940
4383
4107
6737
9650
4410
401
6557
879
1701
6292
2537
7661
1317
2320
2868
1582
9427
615
6459
3483
5619
711
404
5925
7137
2975
9521
1416
2565
2208
7551
7158
9079
8566
3937
4872
477
4572
4458
7071
7633
6722
7273
6480
9916
2777
5972
6076
5642
980
7020
9423
8096
2087
7004
4265
3179
1906
5822
6613
1611
4678
579
8749
1556
8715
1478
6266
1790
2578
6973
1070
5184
6190
9278
9495
6594
2383
6247
3605
3354
601
8080
2895
2323
857
6216
2168
17
9749
7477
3440
8846
5607
9905
3244
9285
7379
137
427
5003
79
5931
5762
9291
4715
6427
2851
3374
855
3275
1896
1696
1640
1460
6559
6509
1415
9962
2964
5728
5039
786
2160
5101
873
8188
9188
2110
8078
4165
7991
3225
1432
1479
7526
8814
8859
6337
8762
3404
4465
3091
96
7449
9740
4390
5100
7566
7704
818
5373
4213
2522
5262
7415
6570
6123
4537
259
5804
4781
7068
3447
4455
6084
4895
1480
1672
3075
4251
6025
4883
4157
4688
5971
6589
3847
1945
8491
9327
7250
8519
6160
336
2679
2348
7678
7582
1368
9373
8571
1917
4834
4570
7999
7438
3372
3801
5604
1088
9789
4081
6096
4820
5084
3995
5781
4420
6497
6665
9545
7552
2576
3859
5252
644
2089
6721
5657
441
4679
877
189
3660
2468
1218
3608
8701
8974
8781
3867
950
1023
9337
820
7949
3241
7652
3449
2772
5993
7501
3236
5834
7242
7320
7980
3941
4127
3510
747
3499
8829
396
1113
2823
8543
886
493
4419
4290
8281
5926
5831
742
8718
4661
5414
4161
2303
3276
5639
7482
7585
9749
6580
9844
9997
8030
6827
3104
3959
6147
781
3804
4267
769
4036
8107
4999
4368
3710
935
7794
6875
531
1475
4649
7764
7759
8757
1652
7358
9564
2364
1548
9121
8152
6114
1608
1497
9158
428
4029
4980
3038
5972
6379
3608
9253
2329
585
7244
9936
4652
4831
3564
3349
7946
2180
6580
7217
3803
4257
6171
2918
1861
3054
9092
3891
6067
7402
256
6957
4190
6491
728
7899
1808
9176
8934
2610
14
9833
4000
131
5111
898
5504
2323
5121
7471
8692
3659
9128
1629
9373
9255
5117
6846
8124
942
3238
4427
5411
4130
6897
2010
3760
7547
1026
1428
22
2282
6490
4416
8344
6645
1488
1048
7858
7932
9536
4269
3207
5868
976
7074
3081
4850
9015
8907
2708
8793
1127
9779
7768
8169
8779
3617
467
292
7766
5936
8317
4028
4599
9781
8415
2060
8852
6837
8538
4154
1767
4423
1472
7372
6423
4556
9375
5645
8324
1479
5479
3381
5692
4201
1830
8614
7931
333
5033
1442
3576
9286
7841
9637
2732
947